'' 'sepal_length' 'sepal_width' 'petal_length' 'petal_width'
setosa_mean:4.98571428571 3.38285714286 1.46285714286 0.24   
setosa_devi:0.354087773385 0.377675330757 0.155460822161 0.103469233847   
versi_mean:5.93142857143 2.75428571429 4.22857142857 1.33142857143   
versi_devi:0.539483101502 0.309974246694 0.505598904371 0.190620393594   
virgi_mean:6.53714285714 2.98285714286 5.5 2.00285714286   
virgi_devi:0.670857973172 0.347669310667 0.545031029878 0.271689392598   